mr

102. 128. 129. 111. 9162.
175181. 186. 190. 205. 206.

210. 211. 112. 228. 259 240.
245. 249. 250. 266. 267. 268.

277.
lohannes Scotus 111. 9. 169.

luvenalis 1. 60. 125. 156. 111. p.
fflmmfflmw

Lactantius Placidus 111· p. 166.
206. 251. 268.

Libri Etruscorum 111. 9. 245.
Libri horoscopici 1. 115. V
Libri medicorum 111. 9. 250.
Libri pontificales. 1. 182.

Livius 1. 1. 119. 195. 220. 11.
65. 111. 9. 206. 254. 249

Longus 1. 61.

1111101111. 52. 65. 215. 11. 3.
15.17. 129156. 111. 9. 172.
198. 200. 204. 210. 215. 219
244. 268.

Lueretius 11. 105. 111. 9. 184.
187. 189 190. 258.

1111110111111111. 9. 185. 190. 192.
205. 256.

Martianus 111. 9. 169171. 182.

220. 221. 229. 252. 254. 242.
255. 268.

11110111.9.267.1111101011 9265.

Nicagoras 111. 9. 248.

Orosius 1. 219. ’

Orpbeus 11. 61. 111. 9. 2511251.
246- 265.

0111101156· 204. 111. 9169.
170. 200. 226. 227. 241. 247.
257. 266. 277.

Persius 111. 9. 200.

Petronius Arbiter 111. 9. 248.
261.

Pherecydes 1. 120.

11110 111. 9185. 195· 204. 205.
256. 271.

Plinius 111 1111111111 historia 1.

59111. p. 180. 206 226. 256.
259. 252. 256.

1101111111 111. 9. 199

Porphyrius 111. 9. 205. 111 111110
quero solem 0990111111. 9. 227.
ln ε919111111111119.25ο.

11011111 111. 9. 171.
Ptolemaeus 111. 9. 195.
Pythagoras 111. 9. 205. 251.

Remigius 111. 9. 162. 167.168.
169199 215. 215. 220. 250.
251. 252. 255. 254. 255. ²37·
mmmmm&
268. 276.

 

