mn

81111111111155170111. 9176. Thucydides 111. p· 166.

181. 156. 165. 175.
Salomon 111. p. 178.

Scriptores de somniis 111. p· 105.
119.

Seneca 111 111110 ds saeris Ae·
gyptiorum 111. p. 188.

Serenus 11. 111. 111. p· 175.

Servius 111. 9161. 165. 165.
,67. 168, 159 ¹7²· 175, ¹77· 811011118011111111111. p.161.

¹wfflfflssfflffiQ·wmmfflsffifflffi.

198. 199. 111101105. 105.

106. 108. 111. 114116. 119.
117. 118. 151. 155. 156 157.
140. 141.141. 145. 144145.
148154. 155. 157. 159 160.

165. 167. 169170 171. 171.
Ἑωὼηωωμω
8011111111. 79.

Sosieretss 11. 118.

sosthenes 1. 67.

statius 1. 60. 151.168.105.111.
p. 187. 198. 106109115.
116. 158. 159

Terentius 1. 157. 111. p. 164.
199. 106. 107.

1111101111. p. 107.
Theophrastus 111. p· 178.

Tiberianus 111. p· 104.

109.... 4110141... ...1.-

111 11. 115.

Tullius Gioero 111. p· 165170.

176. 185. 184. 187105. 115.
114. 119 157. 158. 149160.

2⁶7· 27⁴·

p. 161. 166. 161. 170.177.
181. 185. 107. 108151. 146.
151. 167. 174.

virginus 1. 11. ss 53. 0.. ⁶4·

111. 117. 141.147. 161. 178.
181. 185. 190. 194195111.
115114. 114. 116. 151. 11.
6. 15. 15. 57. 48. 55. 61. 118.
155. 149. (p. 566.) 157.
(ρ. 571.) 199. 111. p· 161.
165167. 170. 171.171. 176.
177. 178. 181. 184. 185188.
194. 197198. 199110101.
101. 105. 104. 105106 107.
108. 109111. 111. 115. 116.
117. 151. 156. 158159 140.
141. 141. 144145. 151. 151.
155154. 156157. 159. 160.
161. 164165. 166. 171. 175.

174.

 

